6 7
0 1
1 2
2 3
3 1
1 4
4 0
0 5
6 7
0 5
4 0
1 4
3 1
2 3
1 2
0 1

6 8
0 1
1 2
2 3
3 2
2 5
5 2
0 4
4 0
6 8
4 0
0 4
5 2
2 5
3 2
2 3
1 2
0 1

6 6
0 1
1 2
2 3
3 1
1 4
4 5
6 6
4 5
1 4
3 1
2 3
1 2
0 1

8 10
0 1
1 2
2 3
3 4
4 2
2 5
5 0
0 6
6 7
7 6
8 10
7 6
6 7
0 6
5 0
2 5
4 2
3 4
2 3
1 2
0 1

8 10
0 1
1 2
2 3
3 1
1 4
4 0
0 5
3 6
6 7
7 3
8 10
0 5
4 0
1 4
3 1
2 3
1 2
0 1
7 3
6 7
3 6

7 9
0 1
1 2
2 0
0 3
3 1
1 4
4 5
5 1
1 6
7 9
1 6
5 1
4 5
1 4
3 1
0 3
2 0
1 2
0 1

4 5
1 0
0 3
3 2
2 1
2 0
4 5
2 0
2 1
3 2
0 3
1 0

5 4
0 1
1 2
2 0
3 4
