20
7 4
1 0 0 0
0 1 0 0
0 0 1 0
0 0 0 1
0 1 1 1
1 0 1 1
1 1 0 1

3 2
1 1
0 0
1 0

10 5
0 1 0 1 1
1 1 1 1 0
0 0 1 0 0
1 0 1 1 1
0 0 1 0 0
1 0 1 0 0
1 1 0 1 0
1 1 0 1 0
0 0 1 1 0
1 0 0 1 0

10 5
1 0 0 0 1
0 0 1 1 1
1 1 1 1 1
0 1 0 0 0
0 0 1 0 0
1 0 0 1 0
0 0 0 0 1
0 1 0 1 0
0 1 1 1 1
0 0 0 0 1

10 5
1 1 0 0 1
0 1 0 1 0
0 0 0 0 0
0 1 1 1 0
1 0 1 1 0
1 0 1 0 0
1 1 0 0 0
1 0 0 1 1
1 1 1 0 1
1 0 0 1 0

10 5
0 0 0 1 0
1 0 0 1 0
1 1 1 0 1
0 0 0 1 0
0 1 1 1 1
1 1 1 0 1
0 0 0 0 0
0 1 0 0 0
1 0 1 0 0
0 1 1 0 1

10 5
1 0 1 0 1
1 0 0 1 0
1 0 0 0 0
1 1 1 1 1
0 0 0 1 1
0 1 1 1 0
0 0 0 1 1
1 1 0 0 1
1 1 1 1 0
1 0 0 0 0

20 10
0 0 1 1 1 1 0 0 0 1
1 1 0 1 1 0 1 1 1 1
0 1 1 1 1 1 0 1 1 1
1 0 0 1 1 1 1 1 0 0
1 0 1 1 1 0 0 1 1 1
1 0 0 0 0 1 0 1 0 1
1 1 0 1 1 0 1 0 0 0
0 1 1 1 1 0 1 0 1 0
0 0 1 1 1 0 0 1 0 1
0 1 1 1 1 0 0 1 1 0
1 0 0 0 1 0 0 1 1 1
0 1 1 0 0 0 1 0 1 1
1 1 1 0 1 0 1 1 1 1
1 1 0 0 0 1 1 0 0 1
1 0 0 1 1 0 0 0 1 1
1 0 1 1 0 1 0 1 1 1
1 1 0 1 0 1 1 1 0 1
1 1 1 0 1 1 1 1 0 0
1 0 0 1 1 0 1 0 0 1
0 1 1 0 1 1 0 1 1 0

20 10
0 0 0 1 1 0 0 0 1 1
1 1 1 1 1 1 1 1 0 0
1 1 1 1 0 0 1 0 0 0
1 1 1 1 1 1 1 1 1 0
0 1 0 0 1 0 1 0 0 1
0 1 0 0 1 0 1 0 0 1
0 1 1 1 1 1 1 1 1 0
0 1 1 0 1 0 1 0 1 1
1 1 0 1 1 0 1 0 1 1
1 1 0 1 0 0 1 1 0 0
0 1 1 0 1 0 1 0 1 1
0 1 0 0 0 1 0 1 0 1
0 0 0 0 0 0 0 0 1 1
1 1 0 0 1 1 1 1 1 0
1 1 1 1 1 0 1 1 1 1
0 1 0 0 1 1 0 1 1 0
0 1 0 1 1 1 1 0 0 1
0 0 1 0 1 0 1 0 0 0
0 0 0 1 0 1 0 1 0 1
1 1 1 0 0 0 1 0 0 1

20 10
1 0 0 1 0 1 1 0 1 0
1 1 0 1 1 0 1 0 0 0
1 0 0 0 0 1 1 1 0 0
1 1 0 1 0 1 0 0 1 0
1 1 1 1 1 1 0 1 0 1
1 1 0 0 0 1 1 1 1 1
1 1 0 0 0 1 1 1 0 1
1 0 1 0 1 1 0 1 1 0
0 0 0 0 0 0 0 0 0 1
1 0 0 0 0 1 1 0 0 0
0 1 1 0 1 1 1 1 1 1
0 0 0 0 1 0 0 0 1 0
1 0 1 0 0 1 0 0 0 0
0 1 1 1 1 0 0 1 0 1
1 1 0 1 0 0 1 0 0 1
1 1 0 0 1 0 0 0 0 0
0 1 1 1 1 1 1 1 1 0
0 1 0 1 1 1 1 0 0 1
1 0 1 0 0 1 1 1 0 0
1 1 1 1 0 1 1 0 1 0

20 10
1 1 0 0 0 1 1 1 0 0
1 0 0 0 0 0 0 0 0 0
1 1 1 1 1 1 1 1 0 0
0 1 0 0 1 0 0 1 0 0
0 0 0 1 0 0 1 1 0 1
0 1 1 0 1 1 1 1 0 1
1 0 1 0 0 0 1 0 0 0
1 0 0 1 0 0 1 0 0 0
1 1 1 0 0 0 0 0 1 1
1 1 1 0 0 0 0 1 1 1
0 0 1 1 1 0 1 0 0 1
1 0 1 0 1 1 1 0 0 1
0 0 1 0 0 1 0 0 0 1
1 0 0 1 1 0 1 1 1 0
0 1 0 1 1 0 1 0 1 1
0 1 1 1 1 1 1 1 0 0
1 0 0 0 1 1 0 1 1 1
0 1 1 0 1 1 1 1 1 1
0 0 0 0 1 1 1 0 0 0
1 0 1 1 1 1 0 0 0 0

20 10
0 1 0 1 1 1 1 0 1 1
0 1 1 0 0 1 1 0 1 0
1 0 1 0 0 1 0 0 1 0
0 0 0 0 0 0 1 0 0 1
0 1 1 0 1 1 1 1 0 0
1 0 0 1 0 1 1 1 0 1
1 1 1 0 0 0 1 1 1 0
0 1 1 0 1 0 1 0 1 0
0 1 0 0 1 1 0 0 1 0
1 0 0 1 0 1 0 1 1 1
1 1 1 0 1 0 0 0 0 0
1 0 1 1 1 0 1 0 1 0
1 1 1 0 0 1 0 0 0 0
0 1 0 1 1 1 0 1 0 1
0 0 0 1 1 0 0 1 0 1
0 0 0 0 1 1 0 0 1 0
0 0 0 0 1 1 0 1 0 1
1 1 1 1 1 0 0 1 1 1
0 0 1 0 0 1 0 0 0 1
1 0 1 0 1 0 0 1 0 1

30 15
0 0 1 0 1 0 0 0 1 1 0 0 1 1 0
1 1 0 1 0 1 0 1 1 1 0 0 1 0 1
0 1 1 1 0 0 0 0 0 1 1 1 1 1 0
0 0 0 1 1 1 0 1 1 0 0 1 1 1 0
0 0 0 1 0 0 0 0 0 1 1 0 0 0 1
0 1 1 1 0 1 0 0 0 1 0 0 1 1 0
1 1 0 1 0 0 1 1 0 1 1 1 0 1 0
1 1 0 0 1 1 1 1 0 1 0 1 1 1 1
1 0 0 0 0 0 0 0 1 0 0 1 1 0 1
1 0 0 1 1 0 0 0 0 0 1 0 1 1 0
0 0 1 1 0 0 0 0 1 0 1 0 1 1 1
1 0 0 1 0 1 0 0 0 1 0 1 0 0 0
1 0 1 1 0 1 0 0 0 0 1 1 0 1 1
0 0 1 1 1 1 1 0 0 0 1 0 1 0 1
0 1 1 0 0 0 1 0 1 1 0 1 0 0 0
1 1 0 1 0 1 0 1 1 1 0 0 0 0 1
0 0 0 1 1 0 0 0 1 1 1 1 0 1 1
1 1 0 0 0 0 0 0 0 1 0 0 0 0 1
1 1 1 1 0 1 0 0 1 1 1 0 1 1 0
0 1 1 0 0 1 1 0 1 1 0 0 1 0 1
0 0 0 0 1 1 0 1 1 0 0 1 0 0 1
0 1 1 1 1 0 0 1 1 0 0 0 1 1 0
1 0 1 0 1 0 1 1 0 1 1 1 0 1 0
1 1 0 1 1 1 1 0 1 0 1 1 0 0 1
0 0 1 1 0 0 1 0 1 0 1 0 1 0 1
1 1 0 1 1 1 1 0 1 1 1 0 0 1 1
1 0 1 1 1 1 0 1 0 0 1 1 1 1 1
1 1 0 0 1 0 1 0 0 0 1 1 0 1 0
1 1 0 0 0 0 0 1 0 1 0 1 1 1 0
0 1 0 0 0 0 1 0 0 1 0 0 0 1 1

30 15
1 0 1 1 1 0 0 1 1 1 0 1 1 1 1
0 1 0 0 1 0 1 0 1 0 0 0 0 1 1
0 0 0 0 1 1 0 0 1 0 1 0 0 1 0
0 1 1 1 1 1 1 0 1 0 1 1 0 1 0
1 0 0 0 1 0 0 1 1 0 0 1 1 0 0
0 0 1 0 0 1 0 1 1 1 0 0 0 0 0
1 0 1 0 1 0 1 0 1 1 0 1 1 0 0
0 0 0 0 0 1 1 0 0 0 0 0 1 1 1
1 0 1 0 0 0 0 1 1 0 0 0 0 0 0
0 0 1 0 1 1 0 1 1 1 1 1 1 0 0
0 0 1 1 1 1 0 0 0 0 0 1 0 1 1
1 1 0 1 1 1 1 1 0 1 0 0 0 1 0
1 1 1 1 0 0 0 0 1 0 0 1 1 1 0
1 1 0 0 1 1 1 1 0 1 1 1 0 0 1
0 1 1 1 1 0 1 1 1 1 0 0 1 1 0
1 1 1 1 1 0 0 0 0 1 1 0 1 0 1
1 1 1 0 0 0 1 1 1 0 1 0 1 0 1
1 0 1 1 0 1 1 0 0 0 1 1 0 1 1
1 1 0 1 0 1 1 1 0 1 0 1 0 1 0
0 1 0 1 1 1 0 0 1 1 1 0 1 0 0
1 1 0 0 1 1 1 0 1 1 1 1 1 0 1
1 1 0 1 0 1 0 0 1 0 1 0 0 1 0
0 0 0 1 0 1 0 0 0 0 0 0 1 0 1
0 1 1 1 1 1 0 0 1 1 0 1 0 1 1
0 1 0 0 0 0 1 1 0 0 0 1 1 1 0
0 0 1 0 1 1 0 1 1 1 1 1 0 1 0
0 0 1 1 1 0 1 1 1 1 0 1 0 1 0
1 0 1 1 1 0 1 0 0 1 0 1 1 0 1
1 1 0 1 1 0 0 1 0 1 0 0 0 1 0
0 0 0 1 0 1 1 1 0 1 0 1 1 0 1

30 15
1 0 0 1 1 1 0 1 1 1 1 0 1 1 1
1 1 1 0 0 1 1 1 0 1 1 0 0 1 0
0 1 0 0 1 1 0 0 0 0 1 1 1 0 0
0 1 1 1 1 0 1 0 1 0 0 0 0 1 1
1 0 1 1 0 0 0 0 0 1 1 1 0 1 1
1 0 0 1 1 0 1 1 1 1 1 1 1 0 0
0 1 1 1 1 1 1 0 0 1 1 1 0 1 1
1 1 1 1 1 0 1 0 1 1 0 0 0 1 1
1 0 1 0 0 0 0 1 0 0 1 1 0 0 1
1 0 1 0 0 1 0 1 0 1 0 0 1 0 1
0 0 1 1 0 0 0 1 1 1 0 1 1 1 0
0 0 1 0 1 0 1 1 1 1 1 1 0 0 0
1 0 0 1 1 0 0 1 0 0 0 1 1 1 0
0 1 0 0 1 0 0 1 1 0 1 1 1 1 1
1 1 1 0 0 0 0 1 1 0 1 1 0 1 0
1 1 0 0 0 0 1 0 0 1 0 1 1 1 1
0 1 1 1 1 1 0 1 1 1 1 0 1 0 1
0 0 1 1 1 0 0 0 1 0 1 0 0 1 0
0 1 1 0 0 1 0 0 0 0 0 0 1 1 0
1 0 1 0 0 1 1 1 1 0 0 0 1 0 1
0 1 1 1 1 1 1 0 1 1 1 0 1 1 0
1 1 1 1 0 0 1 1 1 1 0 0 1 1 1
1 1 1 1 0 1 1 0 0 0 0 0 0 1 0
1 1 1 0 0 1 0 1 1 0 1 0 1 0 1
1 0 1 1 0 1 0 1 0 1 0 0 0 1 0
0 1 1 0 1 1 0 1 1 0 1 0 1 0 0
0 0 1 0 0 1 1 1 1 1 1 1 1 1 0
0 0 1 1 1 1 1 0 0 0 0 0 0 1 0
0 0 0 0 0 1 0 1 0 0 1 1 1 1 0
0 0 0 0 1 1 0 0 1 0 1 0 0 0 1

30 15
1 1 1 0 0 1 1 0 1 1 0 0 0 1 0
1 0 0 1 0 1 0 0 1 0 0 1 1 0 0
1 0 0 0 0 0 1 0 0 1 0 1 1 0 0
0 1 1 1 0 0 0 0 1 0 1 0 0 0 1
1 0 1 1 0 0 0 0 1 0 0 0 1 1 0
0 0 1 1 0 1 1 0 0 0 0 0 0 0 1
1 1 1 1 1 0 0 0 0 0 1 1 1 0 1
1 0 1 1 0 0 0 0 1 1 0 0 1 0 1
1 0 0 1 1 0 0 0 1 0 1 0 1 0 1
1 0 0 0 1 0 1 1 0 0 0 1 1 0 0
0 0 1 0 0 0 1 0 1 0 1 1 1 0 1
1 0 1 0 0 0 1 0 1 0 1 1 1 0 1
1 0 1 0 1 0 1 1 0 0 0 0 1 1 0
0 1 0 0 0 0 0 1 0 0 0 0 0 1 0
0 1 1 1 1 1 0 0 0 1 0 0 0 0 0
0 1 0 0 1 1 0 1 1 1 1 0 1 1 1
0 0 0 0 0 1 0 1 0 0 0 0 0 0 1
0 1 0 0 0 1 0 0 0 1 0 1 1 1 0
0 0 1 0 0 0 1 1 1 0 0 0 0 0 0
0 0 0 0 1 1 1 1 1 1 1 0 0 0 0
1 0 0 0 1 0 0 0 0 0 1 0 1 0 1
0 1 0 1 1 0 1 0 1 0 0 1 1 1 0
1 0 0 0 0 1 0 1 1 0 1 1 1 1 1
1 1 0 0 1 1 1 1 0 0 0 1 1 1 1
0 1 1 0 0 0 1 1 0 1 0 0 0 0 0
1 1 0 1 0 1 0 1 0 1 0 1 0 1 1
0 0 0 0 0 0 0 0 0 1 1 0 1 1 1
0 0 1 1 1 0 1 0 1 0 0 0 1 1 1
0 0 0 0 1 0 1 0 0 0 1 0 1 0 1
1 1 1 1 0 1 1 0 1 1 1 1 1 1 0

30 15
0 0 1 1 1 1 1 0 0 0 0 0 0 0 1
1 1 1 1 1 0 1 0 1 1 1 0 0 0 1
1 1 1 0 1 0 1 0 1 0 0 0 1 0 0
1 0 0 1 0 0 1 1 0 1 0 0 0 1 1
0 1 1 1 1 1 0 0 1 1 1 0 0 0 0
0 1 1 1 0 0 1 1 1 0 1 0 0 0 1
0 0 0 1 1 1 0 0 1 1 0 1 1 0 0
0 1 1 1 1 1 0 1 0 0 1 1 1 1 1
1 0 0 1 0 1 1 1 1 1 0 0 1 1 1
0 1 1 0 0 1 1 0 1 1 1 0 0 1 0
0 0 1 0 0 1 0 0 0 0 1 1 1 1 0
1 1 0 1 0 0 0 0 1 1 0 0 0 0 1
1 0 1 1 0 1 1 1 1 1 1 1 0 0 1
1 1 0 0 1 1 1 0 0 0 0 0 0 0 1
1 1 1 1 0 0 0 1 1 0 1 0 1 0 0
0 0 1 0 0 0 0 0 0 1 1 0 0 1 1
0 0 0 0 0 1 1 0 1 0 1 1 1 1 0
0 0 0 0 1 0 1 1 1 0 0 0 1 1 1
0 1 1 0 0 0 0 0 0 0 1 0 1 1 0
0 0 1 0 0 0 0 0 1 1 1 1 0 0 1
1 0 0 1 0 0 1 0 0 0 0 0 0 1 1
1 1 0 1 1 1 0 1 1 1 1 1 0 0 0
0 0 0 1 0 0 0 0 0 1 1 1 1 1 1
1 1 0 1 0 0 1 0 1 0 0 0 0 1 1
0 0 0 0 0 0 0 1 0 1 1 1 1 1 0
1 1 0 0 1 0 0 0 0 1 1 0 1 0 1
0 1 0 0 0 1 0 1 1 0 0 0 0 0 0
1 1 0 1 1 1 0 1 0 0 1 0 0 1 1
1 0 1 1 0 1 1 1 0 1 1 0 0 1 0
0 1 1 1 0 0 1 0 1 1 1 0 1 1 0

25 12
1 0 1 1 1 1 0 0 1 1 1 1
1 0 0 0 1 1 0 0 0 1 1 1
1 1 0 0 0 0 0 1 1 1 0 1
0 0 1 0 1 1 1 1 0 0 0 0
0 0 0 0 0 1 1 1 1 0 0 0
1 0 0 1 1 0 1 1 0 0 1 1
1 0 0 0 1 0 1 1 0 1 0 0
1 0 0 0 0 1 0 1 0 1 1 1
0 1 0 1 0 1 0 0 0 1 0 0
0 1 1 1 1 0 0 0 0 1 0 1
1 0 0 1 0 1 1 0 1 1 0 0
0 1 1 0 1 1 1 1 0 1 1 0
0 0 1 0 1 0 1 1 1 1 0 0
1 1 1 0 0 0 1 1 0 0 0 1
0 0 1 0 1 1 1 0 1 0 1 0
0 0 1 0 1 1 0 0 0 0 1 0
1 1 0 0 1 1 1 0 0 0 1 0
0 0 1 0 1 1 0 1 1 0 1 1
0 0 1 0 1 1 0 1 0 1 0 1
1 1 1 0 0 0 1 0 0 1 0 1
0 1 0 1 1 0 1 1 0 1 0 1
1 1 0 1 1 1 1 0 1 0 0 0
1 0 0 1 1 1 1 0 1 0 0 1
1 1 0 1 1 0 1 1 0 1 0 0
0 0 0 0 0 0 1 0 1 1 1 1

25 12
0 1 1 0 1 1 0 1 0 0 0 0
1 0 0 1 1 0 1 1 1 0 0 1
1 0 1 0 0 1 1 1 1 1 0 1
0 1 0 1 1 0 1 0 0 0 1 0
1 0 1 1 1 0 0 0 1 0 0 1
0 1 1 0 0 0 0 1 1 0 1 1
1 1 0 1 1 0 1 0 1 1 0 0
0 1 1 1 1 1 1 1 1 1 1 0
0 0 0 0 1 0 1 1 1 1 1 0
0 0 0 0 1 0 0 0 1 0 0 1
1 1 1 0 0 0 0 1 1 1 0 0
1 0 1 1 0 1 1 0 1 0 1 0
0 0 1 1 1 1 1 0 1 1 1 1
0 0 0 1 0 1 1 0 0 1 1 1
0 1 0 1 0 1 0 1 0 0 0 1
0 0 1 0 0 0 0 1 1 1 0 1
1 1 1 0 1 0 1 0 0 1 1 0
0 0 0 0 1 1 0 1 1 1 0 1
0 0 1 0 0 1 1 1 1 0 0 1
0 1 0 1 1 1 1 1 1 0 1 0
0 0 1 1 1 1 1 0 0 0 1 1
0 0 0 0 1 0 1 0 1 0 0 1
1 1 1 0 1 1 1 1 0 0 1 0
0 0 0 1 1 1 0 0 0 0 1 1
1 0 1 1 1 0 0 0 0 1 1 0

25 12
1 1 1 0 1 0 1 0 1 0 1 0
0 0 0 1 1 0 1 1 0 1 1 0
1 1 0 0 1 1 0 0 0 1 0 1
0 0 1 1 1 1 1 0 0 1 0 1
0 1 1 1 0 1 0 1 0 1 1 1
1 1 0 0 1 1 0 0 1 1 0 0
0 0 1 0 0 0 0 0 1 1 1 1
1 0 0 0 0 1 0 1 1 0 0 0
0 1 1 1 1 0 1 0 1 1 0 0
1 0 1 0 1 0 1 1 1 1 0 0
0 0 1 1 0 0 1 0 0 1 1 0
1 0 1 0 1 1 0 0 1 1 1 1
1 1 0 0 1 0 1 0 0 1 1 1
0 0 1 0 0 1 0 0 1 0 1 0
0 1 0 0 0 1 0 1 0 1 0 1
0 0 0 1 0 1 1 0 1 1 0 0
0 1 0 0 0 1 0 0 0 1 0 0
0 0 0 1 0 1 1 1 0 1 1 1
1 0 0 0 0 1 0 0 0 0 0 1
1 0 0 0 0 0 0 0 1 1 1 1
1 0 0 1 0 0 1 0 1 1 0 0
1 0 1 0 0 0 0 1 1 0 1 0
1 1 0 1 0 1 1 1 0 0 1 1
0 1 1 0 1 1 0 1 0 1 0 1
0 1 0 1 0 0 0 1 0 0 0 1
